SBtotal,GPSuse,MRT,SOTmean,WithinRtPt,BetweenRtPt,Distance,r.2,Q1,Q4,UTdist
SBtotal,  1,-0.36,0.21,-0.27,-0.34,-0.25,-0.26,0.2,0.1,0.15,0.12
GPSuse,-0.36,  1,-0.32,0.26,0.2,0.082,0.21,-0.16,-0.081,-0.002,-0.048
MRT,0.21,-0.32,  1,-0.53,-0.23,-0.12,-0.24,0.2,-0.028,0.017,0.14
SOTmean,-0.27,0.26,-0.53,  1,0.26,0.14,0.29,-0.23,0.035,-0.075,-0.053
WithinRtPt,-0.34,0.2,-0.23,0.26,  1,0.55,0.58,-0.56,0.14,-0.027,-0.074
BetweenRtPt,-0.25,0.082,-0.12,0.14,0.55,  1,0.47,-0.5,0.03,-0.022,0.025
Distance,-0.26,0.21,-0.24,0.29,0.58,0.47,  1,-0.59,0.0062,0.032,0.0055
r.2,0.2,-0.16,0.2,-0.23,-0.56,-0.5,-0.59,  1,-0.099,-0.044,-0.051
Q1,0.1,-0.081,-0.028,0.035,0.14,0.03,0.0062,-0.099,  1,0.054,0.087
Q4,0.15,-0.002,0.017,-0.075,-0.027,-0.022,0.032,-0.044,0.054,  1,0.17
UTdist,0.12,-0.048,0.14,-0.053,-0.074,0.025,0.0055,-0.051,0.087,0.17,  1
